rank=3 sum=25000000
N=100000000: 0.031625 s (12.648364 GB/s)
rank=0 sum=25000000
rank=1 sum=25000000
rank=2 sum=25000000
