N=1000000: 0.048669 s (0.082188 GB/s)
sum=1000000
