N=100000000: 0.116671 s (3.428457 GB/s)
rank=0 sum=25000000
rank=2 sum=25000000
rank=3 sum=25000000
rank=1 sum=25000000
