N=100000000: 0.114350 s (3.498045 GB/s)
sum=100000000
