N=100000000: 0.713261 s (0.560805 GB/s)
N=100000000: 0.713261 s (0.560805 GB/s)
N=100000000: 0.713261 s (0.560805 GB/s)
N=100000000: 0.713261 s (0.560805 GB/s)
