rank=3 sum=25000000
rank=1 sum=25000000
rank=2 sum=25000000
N=100000000: 0.322170 s (1.241581 GB/s)
rank=0 sum=25000000
