sum=0
N=100000000: 0.427263 s (0.936192 GB/s)
sum=75000000
N=100000000: 0.426846 s (0.937106 GB/s)
sum=50000000
N=100000000: 0.427044 s (0.936671 GB/s)
sum=25000000
N=100000000: 0.426849 s (0.937099 GB/s)
