rank=2 sum=50000000
rank=3 sum=75000000
N=100000000: 0.951686 s (0.420307 GB/s)
rank=0 sum=0
rank=1 sum=25000000
