rank=1 sum=25000000
rank=3 sum=25000000
rank=2 sum=25000000
N=100000000: 0.421540 s (0.948902 GB/s)
rank=0 sum=25000000
