N=100000000: 0.350272 s (1.141971 GB/s)
sum=100000000
